01 2005	 	107.11
02 2005	 	122.23
03 2005	 	134.69
04 2005	 	128.79
05 2005	 	126.16
06 2005	 	119.98
07 2005	 	108.45
08 2005	 	108.43
09 2005	 	98.17
10 2005	 	106.09
11 2005	 	108.81
12 2005	 	103.03
01 2006	 	124.36
02 2006	 	118.52
03 2006	 	112.2
04 2006	 	114.71
05 2006	 	107.96
06 2006	 	101.21
07 2006	 	102.77
08 2006	 	112.13
09 2006	 	109.36
10 2006	 	110.91
11 2006	 	123.57
12 2006	 	129.95
01 2007	 	124.46
02 2007	 	122.34
03 2007	 	116.61
04 2007	 	114.59
05 2007	 	112.52
06 2007	 	118.67
07 2007	 	116.8
08 2007	 	123.63
09 2007	 	128.04
10 2007	 	134.57
11 2007	 	130.33
12 2007	 	136.47
01 2008	 	139.05
02 2008	 	158.21
03 2008	 	148.07
04 2008	 	137.74
05 2008	 	139.74
06 2008	 	144.08
07 2008	 	145.35
08 2008	 	145.77
09 2008	 	140.56
10 2008	 	121.41
11 2008	 	120.44
12 2008	 	116.97
01 2009	 	128.03
02 2009	 	128.51
03 2009	 	127.76
04 2009	 	134.58
05 2009	 	147.64
06 2009	 	144.46
07 2009	 	137.6
08 2009	 	146.87
09 2009	 	145.67
10 2009	 	151.95
11 2009	 	150.23
12 2009	 	155.86
01 2010	 	154.41
02 2010	 	155.92
03 2010	 	162.15
04 2010	 	171.07
05 2010	 	174.03
06 2010	 	193.52
07 2010	 	205.25
08 2010	 	212.8
09 2010	 	222.1
10 2010	 	215.84
11 2010	 	227.96
12 2010	 	237.33
01 2011	 	262.94
02 2011	 	288.08
03 2011	 	294.48
04 2011	 	302.71
05 2011	 	293.06
06 2011	 	277.78
07 2011	 	269.18
08 2011	 	273.54
09 2011	 	275.58
10 2011	 	248.49
11 2011	 	249.5
12 2011	 	243.14
01 2012	 	240.89
02 2012	 	225.49
03 2012	 	201.85
04 2012	 	193.35
05 2012	 	186.35
06 2012	 	169.79
07 2012	 	190.77
08 2012	 	175.97
09 2012	 	179.6
10 2012	 	172.37
11 2012	 	160.64
12 2012	 	154.22
01 2013	 	158.27
02 2013	 	153
03 2013	 	153.01
04 2013	 	152.96
05 2013	 	151.43
06 2013	 	138.86
07 2013	 	138.44
08 2013	 	135.63
09 2013	 	132.78
10 2013	 	128.83
11 2013	 	122.75
12 2013	 	126.74
01 2014	 	135.03
02 2014	 	176.28
03 2014	 	216.06
04 2014	 	226.99
05 2014	 	215.24
06 2014	 	198.91
07 2014	 	198.59
08 2014	 	214.5
09 2014	 	212.01
10 2014	 	227.06
11 2014	 	212.93
12 2014	 	200.59
-1
